[gd_scene load_steps=21 format=3 uid="uid://c6b4xvogf8l7m"]

[ext_resource type="PackedScene" path="res://objects/Gameplay/Common/CombatArea.tscn" id="1_aepkq"]
[ext_resource type="PackedScene" uid="uid://jv31so3xcr7p" path="res://addons/bf_portal/portal_tools/types/PolygonVolume/PolygonVolume.tscn" id="2_3sceq"]
[ext_resource type="PackedScene" path="res://static/MP_Tungsten_Terrain.tscn" id="3_kvcmy"]
[ext_resource type="PackedScene" path="res://static/MP_Tungsten_Assets.tscn" id="4_idauv"]
[ext_resource type="PackedScene" path="res://objects/Gameplay/Common/HQ_PlayerSpawner.tscn" id="5_73ibi"]
[ext_resource type="PackedScene" path="res://objects/entities/SpawnPoint.tscn" id="6_gdwy7"]
[ext_resource type="PackedScene" path="res://objects/Global/Props/FiringRange_Target_01.tscn" id="7_kvcmy"]
[ext_resource type="PackedScene" path="res://objects/Gameplay/Vehicles/VEH_F22.tscn" id="8_73ibi"]
[ext_resource type="PackedScene" path="res://objects/Gameplay/Vehicles/VEH_Eurocopter.tscn" id="8_iveox"]
[ext_resource type="PackedScene" path="res://objects/Gameplay/Vehicles/VEH_JAS39.tscn" id="9_gdwy7"]
[ext_resource type="PackedScene" path="res://objects/Gameplay/Vehicles/VEH_F16.tscn" id="11_idauv"]
[ext_resource type="PackedScene" path="res://objects/Gameplay/Vehicles/VEH_UH60.tscn" id="11_ieafq"]
[ext_resource type="PackedScene" path="res://objects/Gameplay/Vehicles/VEH_Flyer60.tscn" id="12_73ibi"]
[ext_resource type="PackedScene" path="res://objects/Gameplay/Vehicles/VEH_AH64E.tscn" id="12_iveox"]
[ext_resource type="PackedScene" path="res://objects/Gameplay/Vehicles/VEH_Abrams.tscn" id="13_gdwy7"]
[ext_resource type="PackedScene" path="res://objects/Gameplay/Vehicles/VEH_Leopard.tscn" id="14_m2ld4"]
[ext_resource type="PackedScene" path="res://objects/Gameplay/Vehicles/VEH_Gepard.tscn" id="15_enkdq"]
[ext_resource type="PackedScene" path="res://objects/Gameplay/Vehicles/VEH_Cheetah.tscn" id="16_mp081"]
[ext_resource type="PackedScene" path="res://objects/Gameplay/Vehicles/VEH_Vector.tscn" id="18_l5x52"]
[ext_resource type="PackedScene" path="res://objects/Gameplay/Vehicles/VEH_Quadbike.tscn" id="19_36omx"]

[node name="MP_Tungsten" type="Node3D"]

[node name="TEAM_2_HQ" parent="." node_paths=PackedStringArray("HQArea", "InfantrySpawns") instance=ExtResource("5_73ibi")]
transform = Transform3D(1, 0, 0, 0, 1, 0, 0, 0, 1, 484.528, 87.7289, -505.698)
Team = 2
AltTeam = 0
VehicleSpawnersEnabled = true
ObjId = 1
HQArea = NodePath("HQ_Team2")
InfantrySpawns = [NodePath("SpawnPoint_1_1"), NodePath("SpawnPoint_1_2"), NodePath("SpawnPoint_1_3"), NodePath("SpawnPoint_1_4")]

[node name="HQ_Team2" parent="TEAM_2_HQ" instance=ExtResource("2_3sceq")]
transform = Transform3D(1, 0, 0, 0, 1, 0, 0, 0, 1, 0, 5, 0)
points = PackedVector2Array(5, 5, 5, -5, -5, -5, -5, 5)

[node name="SpawnPoint_1_1" parent="TEAM_2_HQ" instance=ExtResource("6_gdwy7")]
transform = Transform3D(0.999884, 0, -0.0152535, 0, 1, 0, 0.0152535, 0, 0.999884, 0, 0, -3)

[node name="SpawnPoint_1_2" parent="TEAM_2_HQ" instance=ExtResource("6_gdwy7")]
transform = Transform3D(-0.9995, 0, -0.0316198, 0, 1, 0, 0.0316198, 0, -0.9995, 3, 0, 0)

[node name="SpawnPoint_1_3" parent="TEAM_2_HQ" instance=ExtResource("6_gdwy7")]
transform = Transform3D(-0.0428871, 0, 0.99908, 0, 1, 0, -0.99908, 0, -0.0428871, -3, 0, 0)

[node name="SpawnPoint_1_4" parent="TEAM_2_HQ" instance=ExtResource("6_gdwy7")]
transform = Transform3D(0.0841819, 0, -0.99645, 0, 1, 0, 0.99645, 0, 0.0841819, 0, 0, 3)

[node name="CombatArea" parent="." node_paths=PackedStringArray("CombatVolume") instance=ExtResource("1_aepkq")]
CombatVolume = NodePath("CollisionPolygon3D")

[node name="CollisionPolygon3D" parent="CombatArea" instance=ExtResource("2_3sceq")]
transform = Transform3D(1, 0, 0, 0, 1, 0, 0, 0, 1, 472.271, 140.862, 307.146)
points = PackedVector2Array(-702.802, -979.061, -843.403, -971.404, -1030.46, -937.497, -1122.94, -799.005, -1111.45, -682.545, -1104.19, -509.563, -1072.48, -188.984, -830.725, -175.347, -667.134, -196.858, -597.728, -188.523, -546.841, -153.427, -449.941, -146.837, -376.636, -152.327, -294.136, -155.606, -212.896, -161.719, -125.098, -172.376, -58.8558, -176.36, 113.226, -171.032, 313.616, -172.791, 327.508, -313.767, 323.584, -511.305, 329.415, -749.487, 305.962, -944.735, 65.5888, -987.657, -190.707, -1008.46, -332.326, -964.644, -429.412, -984.965, -545.701, -993.851)
height = 100.0

[node name="Static" type="Node3D" parent="."]

[node name="MP_Tungsten_Terrain" parent="Static" instance=ExtResource("3_kvcmy")]

[node name="MP_Tungsten_Assets" parent="Static" instance=ExtResource("4_idauv")]

[node name="TEAM_1_HQ" parent="." node_paths=PackedStringArray("HQArea", "InfantrySpawns") instance=ExtResource("5_73ibi")]
transform = Transform3D(1, 0, 0, 0, 1, 0, 0, 0, 1, -399.041, 83.5063, -227.852)
AltTeam = 0
ObjId = 1
HQArea = NodePath("HQ_Team1")
InfantrySpawns = [NodePath("SpawnPoint_1_1"), NodePath("SpawnPoint_1_2"), NodePath("SpawnPoint_1_3"), NodePath("SpawnPoint_1_4")]

[node name="HQ_Team1" parent="TEAM_1_HQ" instance=ExtResource("2_3sceq")]
transform = Transform3D(1, 0, 0, 0, 1, 0, 0, 0, 1, 0, 5, 0)
points = PackedVector2Array(5, 5, 5, -5, -5, -5, -5, 5)

[node name="SpawnPoint_1_1" parent="TEAM_1_HQ" instance=ExtResource("6_gdwy7")]
transform = Transform3D(0.999884, 0, -0.0152535, 0, 1, 0, 0.0152535, 0, 0.999884, 0, 0, -3)

[node name="SpawnPoint_1_2" parent="TEAM_1_HQ" instance=ExtResource("6_gdwy7")]
transform = Transform3D(-0.9995, 0, -0.0316198, 0, 1, 0, 0.0316198, 0, -0.9995, 3, 0, 0)

[node name="SpawnPoint_1_3" parent="TEAM_1_HQ" instance=ExtResource("6_gdwy7")]
transform = Transform3D(-0.0428871, 0, 0.99908, 0, 1, 0, -0.99908, 0, -0.0428871, -3, 0, 0)

[node name="SpawnPoint_1_4" parent="TEAM_1_HQ" instance=ExtResource("6_gdwy7")]
transform = Transform3D(0.0841819, 0, -0.99645, 0, 1, 0, 0.99645, 0, 0.0841819, 0, 0, 3)

[node name="Team2_vehicle_spawns" type="Node3D" parent="."]
transform = Transform3D(1, 0, 0, 0, 1, 0, 0, 0, 1, 475.42, 86.6346, -524.79)

[node name="Jets" type="Node3D" parent="Team2_vehicle_spawns"]
transform = Transform3D(1, 0, 0, 0, 1, 0, 0, 0, 1, -47.4608, 0, -72.9333)

[node name="VEH_F16" parent="Team2_vehicle_spawns/Jets" instance=ExtResource("11_idauv")]
transform = Transform3D(-0.0979823, 0, -0.995188, 0, 1, 0, 0.995188, 0, -0.0979823, 77.1747, -2.22929, -21.6399)

[node name="VEH_F17" parent="Team2_vehicle_spawns/Jets" instance=ExtResource("11_idauv")]
transform = Transform3D(-0.0979823, 0, -0.995188, 0, 1, 0, 0.995188, 0, -0.0979823, 84.9886, -2.22929, -12.1534)

[node name="VEH_F22" parent="Team2_vehicle_spawns/Jets" instance=ExtResource("8_73ibi")]
transform = Transform3D(0.0698087, 0, -0.99756, 0, 1, 0, 0.99756, 0, 0.0698087, 77.919, -1.73112, 12.2902)

[node name="VEH_F23" parent="Team2_vehicle_spawns/Jets" instance=ExtResource("8_73ibi")]
transform = Transform3D(0.0281311, 0, -0.999604, 0, 1, 0, 0.999604, 0, 0.0281311, 88.9541, -2.77959, 1.99738)

[node name="VEH_JAS39" parent="Team2_vehicle_spawns/Jets" instance=ExtResource("9_gdwy7")]
transform = Transform3D(-0.0274506, 0, 0.999623, 0, 1, 0, -0.999623, 0, -0.0274506, -60.5011, 0.444374, -21.1931)

[node name="VEH_JAS40" parent="Team2_vehicle_spawns/Jets" instance=ExtResource("9_gdwy7")]
transform = Transform3D(-0.0274506, 0, 0.999623, 0, 1, 0, -0.999623, 0, -0.0274506, -65.5366, 0.444374, -10.8853)

[node name="Helis" type="Node3D" parent="Team2_vehicle_spawns"]

[node name="VEH_Eurocopter2" parent="Team2_vehicle_spawns/Helis" instance=ExtResource("8_iveox")]
transform = Transform3D(0.435813, 0, -0.900038, 0, 1, 0, 0.900038, 0, 0.435813, 40.1963, -0.583649, -35.595)

[node name="VEH_Eurocopter3" parent="Team2_vehicle_spawns/Helis" instance=ExtResource("8_iveox")]
transform = Transform3D(0.435813, 0, -0.900038, 0, 1, 0, 0.900038, 0, 0.435813, 47.9387, -0.583649, -22.7722)

[node name="VEH_UH60" parent="Team2_vehicle_spawns/Helis" instance=ExtResource("11_ieafq")]
transform = Transform3D(0.598003, 0, -0.801494, 0, 1, 0, 0.801494, 0, 0.598003, 49.4102, -0.779694, -3.63062)

[node name="VEH_UH61" parent="Team2_vehicle_spawns/Helis" instance=ExtResource("11_ieafq")]
transform = Transform3D(-0.883111, 0, -0.469163, 0, 1, 0, 0.469163, 0, -0.883111, 32.9298, 0.371925, 14.2392)

[node name="VEH_AH64E" parent="Team2_vehicle_spawns/Helis" instance=ExtResource("12_iveox")]
transform = Transform3D(-0.00404918, 0, 0.999992, 0, 1, 0, -0.999992, 0, -0.00404918, 0.354034, 1.63071, -6.6521)

[node name="VEH_AH64E2" parent="Team2_vehicle_spawns/Helis" instance=ExtResource("12_iveox")]
transform = Transform3D(0.838499, 0, 0.544902, 0, 1, 0, -0.544902, 0, 0.838499, 16.2187, 0.858749, -19.9622)

[node name="GroundVehs" type="Node3D" parent="Team2_vehicle_spawns"]
transform = Transform3D(1, 0, 0, 0, 1, 0, 0, 0, 1, -3.47388, 4.46795, 78.2964)

[node name="VEH_Abrams" parent="Team2_vehicle_spawns/GroundVehs" instance=ExtResource("13_gdwy7")]
transform = Transform3D(-0.914847, 0, -0.403801, 0, 1, 0, 0.403801, 0, -0.914847, 11.9394, -3.60085, -37.3993)

[node name="VEH_Abrams2" parent="Team2_vehicle_spawns/GroundVehs" instance=ExtResource("13_gdwy7")]
transform = Transform3D(-0.914847, 0, -0.403801, 0, 1, 0, 0.403801, 0, -0.914847, 7.84372, -3.60085, -35.3938)

[node name="VEH_Leopard" parent="Team2_vehicle_spawns/GroundVehs" instance=ExtResource("14_m2ld4")]
transform = Transform3D(-0.831605, 0, -0.555367, 0, 1, 0, 0.555367, 0, -0.831605, 2.3457, -2.93762, -32.8938)

[node name="VEH_Leopard2" parent="Team2_vehicle_spawns/GroundVehs" instance=ExtResource("14_m2ld4")]
transform = Transform3D(-0.831605, 0, -0.555367, 0, 1, 0, 0.555367, 0, -0.831605, -2.41141, -2.93762, -29.6446)

[node name="VEH_Gepard" parent="Team2_vehicle_spawns/GroundVehs" instance=ExtResource("15_enkdq")]
transform = Transform3D(-0.981777, 0, 0.190038, 0, 1, 0, -0.190038, 0, -0.981777, -57.9008, -1.59539, -16.4079)

[node name="VEH_Gepard2" parent="Team2_vehicle_spawns/GroundVehs" instance=ExtResource("15_enkdq")]
transform = Transform3D(-0.986754, 0, 0.162224, 0, 1, 0, -0.162224, 0, -0.986754, -49.5234, -1.18122, -14.9582)

[node name="VEH_Cheetah" parent="Team2_vehicle_spawns/GroundVehs" instance=ExtResource("16_mp081")]
transform = Transform3D(-0.984007, 0, -0.178132, 0, 1, 0, 0.178132, 0, -0.984007, -12.1829, -2.50364, -24.1395)

[node name="VEH_Cheetah2" parent="Team2_vehicle_spawns/GroundVehs" instance=ExtResource("16_mp081")]
transform = Transform3D(-0.984007, 0, -0.178132, 0, 1, 0, 0.178132, 0, -0.984007, -20.5837, -2.50364, -23.7507)

[node name="VEH_Flyer60" parent="Team2_vehicle_spawns/GroundVehs" instance=ExtResource("12_73ibi")]
transform = Transform3D(1, 0, 0, 0, 1, 0, 0, 0, 1, -30.6849, -0.46022, -57.2683)

[node name="VEH_Flyer61" parent="Team2_vehicle_spawns/GroundVehs" instance=ExtResource("12_73ibi")]
transform = Transform3D(1, 0, 0, 0, 1, 0, 0, 0, 1, -33.4799, -0.0793915, -57.0387)

[node name="VEH_Vector" parent="Team2_vehicle_spawns/GroundVehs" instance=ExtResource("18_l5x52")]
transform = Transform3D(1, 0, 0, 0, 1, 0, 0, 0, 1, -37.7049, -0.0888596, -57.601)

[node name="VEH_Vector2" parent="Team2_vehicle_spawns/GroundVehs" instance=ExtResource("18_l5x52")]
transform = Transform3D(1, 0, 0, 0, 1, 0, 0, 0, 1, -40.7599, -0.0888596, -57.7337)

[node name="VEH_Quadbike" parent="Team2_vehicle_spawns/GroundVehs" instance=ExtResource("19_36omx")]
transform = Transform3D(1, 0, 0, 0, 1, 0, 0, 0, 1, -44.6615, -0.0240021, -58.991)

[node name="VEH_Quadbike2" parent="Team2_vehicle_spawns/GroundVehs" instance=ExtResource("19_36omx")]
transform = Transform3D(1, 0, 0, 0, 1, 0, 0, 0, 1, -47.6795, -0.0240021, -59.0936)

[node name="Team1_vehicle_spawns" type="Node3D" parent="."]
transform = Transform3D(1, 0, 0, 0, 1, 0, 0, 0, 1, -403.869, 91.4081, -245.889)

[node name="Jets" type="Node3D" parent="Team1_vehicle_spawns"]
transform = Transform3D(1, 0, 0, 0, 1, 0, 0, 0, 1, -47.4608, 0, -72.9333)

[node name="VEH_F16" parent="Team1_vehicle_spawns/Jets" instance=ExtResource("11_idauv")]
transform = Transform3D(-0.944422, 0, 0.328735, 0, 1, 0, -0.328735, 0, -0.944422, -52.3237, -9.88871, 27.5913)

[node name="VEH_F17" parent="Team1_vehicle_spawns/Jets" instance=ExtResource("11_idauv")]
transform = Transform3D(-0.920947, 0, 0.389686, 0, 1, 0, -0.389686, 0, -0.920947, -57.5599, -9.70133, 10.4822)

[node name="VEH_F22" parent="Team1_vehicle_spawns/Jets" instance=ExtResource("8_73ibi")]
transform = Transform3D(0.939484, 0, -0.342594, 0, 1, 0, 0.342594, 0, 0.939484, 16.3885, -1.73112, -84.6656)

[node name="VEH_F23" parent="Team1_vehicle_spawns/Jets" instance=ExtResource("8_73ibi")]
transform = Transform3D(0.961947, 0, -0.273237, 0, 1, 0, 0.273237, 0, 0.961947, -6.14932, -2.77959, -96.341)

[node name="VEH_JAS39" parent="Team1_vehicle_spawns/Jets" instance=ExtResource("9_gdwy7")]
transform = Transform3D(-0.921694, 0, 0.387918, 0, 1, 0, -0.387918, 0, -0.921694, -42.3327, -10.2773, 33.0499)

[node name="VEH_JAS40" parent="Team1_vehicle_spawns/Jets" instance=ExtResource("9_gdwy7")]
transform = Transform3D(-0.897997, 0, 0.440002, 0, 1, 0, -0.440002, 0, -0.897997, -31.4004, -10.0039, 35.2386)

[node name="Helis" type="Node3D" parent="Team1_vehicle_spawns"]

[node name="VEH_Eurocopter2" parent="Team1_vehicle_spawns/Helis" instance=ExtResource("8_iveox")]
transform = Transform3D(-0.0546544, 0, 0.998505, 0, 1, 0, -0.998505, 0, -0.0546544, -156.954, -7.23055, 3.05885)

[node name="VEH_Eurocopter3" parent="Team1_vehicle_spawns/Helis" instance=ExtResource("8_iveox")]
transform = Transform3D(0.0908756, 0, 0.995862, 0, 1, 0, -0.995862, 0, 0.0908756, -154.982, -7.84924, 18.0532)

[node name="VEH_UH60" parent="Team1_vehicle_spawns/Helis" instance=ExtResource("11_ieafq")]
transform = Transform3D(-0.854658, 0, 0.519191, 0, 1, 0, -0.519191, 0, -0.854658, -135.99, -5.42624, 81.9097)

[node name="VEH_UH61" parent="Team1_vehicle_spawns/Helis" instance=ExtResource("11_ieafq")]
transform = Transform3D(-0.798026, 0, 0.602623, 0, 1, 0, -0.602623, 0, -0.798026, -123.043, -5.92271, 94.6709)

[node name="VEH_AH64E" parent="Team1_vehicle_spawns/Helis" instance=ExtResource("12_iveox")]
transform = Transform3D(-0.00404918, 0, 0.999992, 0, 1, 0, -0.999992, 0, -0.00404918, -158.683, -6.6226, 50.1973)

[node name="VEH_AH64E2" parent="Team1_vehicle_spawns/Helis" instance=ExtResource("12_iveox")]
transform = Transform3D(0.085469, 0, 0.996341, 0, 1, 0, -0.996341, 0, 0.085469, -158.325, -7.36395, 35.3529)

[node name="GroundVehs" type="Node3D" parent="Team1_vehicle_spawns"]
transform = Transform3D(1, 0, 0, 0, 1, 0, 0, 0, 1, -3.47388, 4.46795, 78.2964)

[node name="VEH_Abrams" parent="Team1_vehicle_spawns/GroundVehs" instance=ExtResource("13_gdwy7")]
transform = Transform3D(-0.475056, 0, 0.879956, 0, 1, 0, -0.879956, 0, -0.475056, 4.45251, -9.76776, 14.5797)

[node name="VEH_Abrams2" parent="Team1_vehicle_spawns/GroundVehs" instance=ExtResource("13_gdwy7")]
transform = Transform3D(-0.501934, 0, 0.864906, 0, 1, 0, -0.864906, 0, -0.501934, 7.86646, -8.20415, 19.5038)

[node name="VEH_Leopard" parent="Team1_vehicle_spawns/GroundVehs" instance=ExtResource("14_m2ld4")]
transform = Transform3D(0.963158, 0, 0.268937, 0, 1, 0, -0.268937, 0, 0.963158, 27.2043, -9.21391, -25.8884)

[node name="VEH_Leopard2" parent="Team1_vehicle_spawns/GroundVehs" instance=ExtResource("14_m2ld4")]
transform = Transform3D(0.946565, 0, 0.322513, 0, 1, 0, -0.322513, 0, 0.946565, 21.9138, -7.71032, -23.4105)

[node name="VEH_Gepard" parent="Team1_vehicle_spawns/GroundVehs" instance=ExtResource("15_enkdq")]
transform = Transform3D(-0.981777, 0, 0.190038, 0, 1, 0, -0.190038, 0, -0.981777, -68.3323, -21.2135, 16.6578)

[node name="VEH_Gepard2" parent="Team1_vehicle_spawns/GroundVehs" instance=ExtResource("15_enkdq")]
transform = Transform3D(-0.986754, 0, 0.162224, 0, 1, 0, -0.162224, 0, -0.986754, -59.9901, -20.7994, 18.0353)

[node name="VEH_Cheetah" parent="Team1_vehicle_spawns/GroundVehs" instance=ExtResource("16_mp081")]
transform = Transform3D(-0.984007, 0, -0.178132, 0, 1, 0, 0.178132, 0, -0.984007, -30.1907, -9.97253, 6.60461)

[node name="VEH_Cheetah2" parent="Team1_vehicle_spawns/GroundVehs" instance=ExtResource("16_mp081")]
transform = Transform3D(-0.984007, 0, -0.178132, 0, 1, 0, 0.178132, 0, -0.984007, -38.5915, -9.97253, 6.99347)

[node name="VEH_Flyer60" parent="Team1_vehicle_spawns/GroundVehs" instance=ExtResource("12_73ibi")]
transform = Transform3D(1, 0, 0, 0, 1, 0, 0, 0, 1, -44.7319, -14.4598, -82.0883)

[node name="VEH_Flyer61" parent="Team1_vehicle_spawns/GroundVehs" instance=ExtResource("12_73ibi")]
transform = Transform3D(1, 0, 0, 0, 1, 0, 0, 0, 1, -47.5269, -14.079, -81.8587)

[node name="VEH_Vector" parent="Team1_vehicle_spawns/GroundVehs" instance=ExtResource("18_l5x52")]
transform = Transform3D(1, 0, 0, 0, 1, 0, 0, 0, 1, -54.0196, -15.8867, -80.7595)

[node name="VEH_Vector2" parent="Team1_vehicle_spawns/GroundVehs" instance=ExtResource("18_l5x52")]
transform = Transform3D(1, 0, 0, 0, 1, 0, 0, 0, 1, -57.0746, -15.8867, -80.8922)

[node name="VEH_Quadbike" parent="Team1_vehicle_spawns/GroundVehs" instance=ExtResource("19_36omx")]
transform = Transform3D(1, 0, 0, 0, 1, 0, 0, 0, 1, -60.9762, -15.8219, -82.1495)

[node name="VEH_Quadbike2" parent="Team1_vehicle_spawns/GroundVehs" instance=ExtResource("19_36omx")]
transform = Transform3D(1, 0, 0, 0, 1, 0, 0, 0, 1, -63.9942, -15.8219, -82.2521)

[node name="targets" type="Node3D" parent="."]
transform = Transform3D(1, 0, 0, 0, 1, 0, 0, 0, 1, -408.654, 85.8862, -289.258)

[node name="FiringRange_Target_01" parent="targets" instance=ExtResource("7_kvcmy")]
transform = Transform3D(1, 0, 0, 0, 1, 0, 0, 0, 1, -5.63629, 2.04949, -3.72229)

[node name="FiringRange_Target_02" parent="targets" instance=ExtResource("7_kvcmy")]
transform = Transform3D(1, 0, 0, 0, 1, 0, 0, 0, 1, -3.85037, 2.04949, -3.72229)

[node name="FiringRange_Target_03" parent="targets" instance=ExtResource("7_kvcmy")]
transform = Transform3D(1, 0, 0, 0, 1, 0, 0, 0, 1, -7.59903, 2.04949, -3.72229)

[node name="FiringRange_Target_04" parent="targets" instance=ExtResource("7_kvcmy")]
transform = Transform3D(-0.972723, 0, -0.231969, 0, 1, 0, 0.231969, 0, -0.972723, -9.42612, 2.04949, -3.72229)
