[gd_scene load_steps=19 format=3 uid="uid://c6b4xvogf8l7m"]

[ext_resource type="PackedScene" path="res://objects/Gameplay/Common/DeployCam.tscn" id="1_3sceq"]
[ext_resource type="PackedScene" path="res://objects/Shared/Generic/Common/Props/ACUnit_04.tscn" id="1_68ioi"]
[ext_resource type="PackedScene" path="res://objects/Gameplay/Common/CombatArea.tscn" id="1_aepkq"]
[ext_resource type="PackedScene" uid="uid://jv31so3xcr7p" path="res://addons/bf_portal/portal_tools/types/PolygonVolume/PolygonVolume.tscn" id="2_3sceq"]
[ext_resource type="PackedScene" path="res://static/MP_Tungsten_Terrain.tscn" id="3_kvcmy"]
[ext_resource type="PackedScene" path="res://static/MP_Tungsten_Assets.tscn" id="4_idauv"]
[ext_resource type="PackedScene" path="res://objects/Gameplay/Common/HQ_PlayerSpawner.tscn" id="5_73ibi"]
[ext_resource type="PackedScene" path="res://objects/entities/SpawnPoint.tscn" id="6_gdwy7"]
[ext_resource type="PackedScene" path="res://objects/Gameplay/Common/VehicleSpawner.tscn" id="6_mp081"]
[ext_resource type="PackedScene" path="res://objects/Global/Props/FiringRange_Target_01.tscn" id="7_kvcmy"]
[ext_resource type="PackedScene" path="res://objects/Gameplay/Vehicles/VEH_Stationary_GDF009.tscn" id="9_aepkq"]
[ext_resource type="PackedScene" path="res://objects/Shared/Generic/Industrial/Architecture/ConstructionFloorConcrete_01_512x64x512.tscn" id="12_iveox"]
[ext_resource type="PackedScene" path="res://objects/Global/Props/FiringRange_NumberFive_01.tscn" id="14_l5x52"]
[ext_resource type="PackedScene" path="res://objects/Global/Props/FiringRange_NumberZero_01.tscn" id="15_36omx"]
[ext_resource type="PackedScene" path="res://objects/Global/Props/FiringRange_NumberOne_01.tscn" id="16_pyesy"]
[ext_resource type="PackedScene" path="res://objects/Shared/Generic/Military/Props/MissileContainer_01_B.tscn" id="17_68ioi"]
[ext_resource type="PackedScene" path="res://objects/Global/Props/FiringRange_NumberTwo_01.tscn" id="17_vgi5t"]
[ext_resource type="PackedScene" path="res://objects/Gameplay/Vehicles/VEH_Stationary_BGM71TOW.tscn" id="18_4jn7r"]

[node name="MP_Tungsten" type="Node3D"]

[node name="DeployCam" parent="." instance=ExtResource("1_3sceq")]
physics_interpolation_mode = 2
transform = Transform3D(1, 0, 0, 0, -4.37114e-08, 1, 0, -1, -4.37114e-08, 20.6384, 167.695, -341.174)

[node name="TEAM_1_HQ" parent="." node_paths=PackedStringArray("HQArea", "InfantrySpawns") instance=ExtResource("5_73ibi")]
transform = Transform3D(1, 0, 0, 0, 1, 0, 0, 0, 1, -225.773, 88.623, -392.224)
AltTeam = 0
VehicleSpawnersEnabled = true
ObjId = 1
HQArea = NodePath("HQ_Team1")
InfantrySpawns = [NodePath("SpawnPoint_1_1"), NodePath("SpawnPoint_1_2"), NodePath("SpawnPoint_1_3"), NodePath("SpawnPoint_1_4")]

[node name="HQ_Team1" parent="TEAM_1_HQ" instance=ExtResource("2_3sceq")]
transform = Transform3D(1, 0, 0, 0, 1, 0, 0, 0, 1, 0, 5, 0)
points = PackedVector2Array(5, 5, 5, -5, -5, -5, -5, 5)

[node name="SpawnPoint_1_1" parent="TEAM_1_HQ" instance=ExtResource("6_gdwy7")]
transform = Transform3D(0.999884, 0, -0.0152535, 0, 1, 0, 0.0152535, 0, 0.999884, 0, 0, -3)

[node name="SpawnPoint_1_5" parent="TEAM_1_HQ" instance=ExtResource("6_gdwy7")]
transform = Transform3D(0.999884, 0, -0.0152535, 0, 1, 0, 0.0152535, 0, 0.999884, 3.02364, 0, -3)

[node name="SpawnPoint_1_6" parent="TEAM_1_HQ" instance=ExtResource("6_gdwy7")]
transform = Transform3D(0.999884, 0, -0.0152535, 0, 1, 0, 0.0152535, 0, 0.999884, -3.00055, 0, -3)

[node name="SpawnPoint_1_7" parent="TEAM_1_HQ" instance=ExtResource("6_gdwy7")]
transform = Transform3D(0.999884, 0, -0.0152535, 0, 1, 0, 0.0152535, 0, 0.999884, -3.00055, 0, 3.08531)

[node name="SpawnPoint_1_8" parent="TEAM_1_HQ" instance=ExtResource("6_gdwy7")]
transform = Transform3D(0.999884, 0, -0.0152535, 0, 1, 0, 0.0152535, 0, 0.999884, 3.04868, 0, 3.08531)

[node name="SpawnPoint_1_2" parent="TEAM_1_HQ" instance=ExtResource("6_gdwy7")]
transform = Transform3D(-0.9995, 0, -0.0316198, 0, 1, 0, 0.0316198, 0, -0.9995, 3, 0, 0)

[node name="SpawnPoint_1_3" parent="TEAM_1_HQ" instance=ExtResource("6_gdwy7")]
transform = Transform3D(-0.0428871, 0, 0.99908, 0, 1, 0, -0.99908, 0, -0.0428871, -3, 0, 0)

[node name="SpawnPoint_1_4" parent="TEAM_1_HQ" instance=ExtResource("6_gdwy7")]
transform = Transform3D(0.0841819, 0, -0.99645, 0, 1, 0, 0.99645, 0, 0.0841819, 0, 0, 3)

[node name="TEAM1_VehicleSpawns" type="Node3D" parent="."]
transform = Transform3D(1, 0, 0, 0, 1, 0, 0, 0, 1, -219.913, 88.623, -393.346)

[node name="Tank_1" parent="TEAM1_VehicleSpawns" instance=ExtResource("6_mp081")]
transform = Transform3D(0.0220242, 0, 0.999757, 0, 1, 0, -0.999757, 0, 0.0220242, -26.6433, 0.224144, 0.864532)
P_AutoSpawnEnabled = true
P_DefaultRespawnTime = 10
P_ApplyDamageToAbandonVehicle = false
P_AbandonVehiclesOutOfCombatArea = false

[node name="AntiAir_1" parent="TEAM1_VehicleSpawns" instance=ExtResource("6_mp081")]
transform = Transform3D(1, 0, 0, 0, 1, 0, 0, 0, 1, -19.9555, 1.75333, -7.39703)
VehicleType = 2
P_AutoSpawnEnabled = true
P_DefaultRespawnTime = 10
P_ApplyDamageToAbandonVehicle = false
P_AbandonVehiclesOutOfCombatArea = false

[node name="AntiAir_2" parent="TEAM1_VehicleSpawns" instance=ExtResource("6_mp081")]
transform = Transform3D(1, 0, 0, 0, 1, 0, 0, 0, 1, -11.9213, 1.75333, -7.39703)
VehicleType = 2
P_AutoSpawnEnabled = true
P_DefaultRespawnTime = 10
P_ApplyDamageToAbandonVehicle = false
P_AbandonVehiclesOutOfCombatArea = false

[node name="AntiAir_3" parent="TEAM1_VehicleSpawns" instance=ExtResource("6_mp081")]
transform = Transform3D(1, 0, 0, 0, 1, 0, 0, 0, 1, -4.51939, 1.75333, -8.27374)
VehicleType = 4
P_AutoSpawnEnabled = true
P_DefaultRespawnTime = 10
P_ApplyDamageToAbandonVehicle = false
P_AbandonVehiclesOutOfCombatArea = false

[node name="AntiAir_4" parent="TEAM1_VehicleSpawns" instance=ExtResource("6_mp081")]
transform = Transform3D(1, 0, 0, 0, 1, 0, 0, 0, 1, 3.87123, 1.75333, -8.01187)
VehicleType = 4
P_AutoSpawnEnabled = true
P_DefaultRespawnTime = 10
P_ApplyDamageToAbandonVehicle = false
P_AbandonVehiclesOutOfCombatArea = false

[node name="Tank_2" parent="TEAM1_VehicleSpawns" instance=ExtResource("6_mp081")]
transform = Transform3D(-0.0370275, 0, 0.999314, 0, 1, 0, -0.999314, 0, -0.0370275, -26.6433, 0.224144, 6.84045)
P_AutoSpawnEnabled = true
P_DefaultRespawnTime = 10
P_ApplyDamageToAbandonVehicle = false
P_AbandonVehiclesOutOfCombatArea = false

[node name="Tank_3" parent="TEAM1_VehicleSpawns" instance=ExtResource("6_mp081")]
transform = Transform3D(-0.0100355, 0, 0.99995, 0, 1, 0, -0.99995, 0, -0.0100355, -26.6433, 0.224144, 13.4722)
VehicleType = 1
P_AutoSpawnEnabled = true
P_DefaultRespawnTime = 10
P_ApplyDamageToAbandonVehicle = false
P_AbandonVehiclesOutOfCombatArea = false

[node name="Tank_4" parent="TEAM1_VehicleSpawns" instance=ExtResource("6_mp081")]
transform = Transform3D(-0.00516619, 0, 0.999987, 0, 1, 0, -0.999987, 0, -0.00516619, -25.1508, -0.825066, 21.0478)
VehicleType = 1
P_AutoSpawnEnabled = true
P_DefaultRespawnTime = 10
P_ApplyDamageToAbandonVehicle = false
P_AbandonVehiclesOutOfCombatArea = false

[node name="IFV_1" parent="TEAM1_VehicleSpawns" instance=ExtResource("6_mp081")]
transform = Transform3D(1, 0, 0, 0, 1, 0, 0, 0, 1, 5.82584, -0.0373306, 1.63171)
VehicleType = 3
P_AutoSpawnEnabled = true
P_DefaultRespawnTime = 10
P_ApplyDamageToAbandonVehicle = false
P_AbandonVehiclesOutOfCombatArea = false

[node name="IFV_2" parent="TEAM1_VehicleSpawns" instance=ExtResource("6_mp081")]
transform = Transform3D(1, 0, 0, 0, 1, 0, 0, 0, 1, 12.9881, -0.100182, 1.82086)
VehicleType = 3
P_AutoSpawnEnabled = true
P_DefaultRespawnTime = 10
P_ApplyDamageToAbandonVehicle = false
P_AbandonVehiclesOutOfCombatArea = false

[node name="IFV_3" parent="TEAM1_VehicleSpawns" instance=ExtResource("6_mp081")]
transform = Transform3D(1, 0, 0, 0, 1, 0, 0, 0, 1, 19.5475, -0.100182, 1.4281)
VehicleType = 14
P_AutoSpawnEnabled = true
P_DefaultRespawnTime = 10
P_ApplyDamageToAbandonVehicle = false
P_AbandonVehiclesOutOfCombatArea = false

[node name="IFV_4" parent="TEAM1_VehicleSpawns" instance=ExtResource("6_mp081")]
transform = Transform3D(1, 0, 0, 0, 1, 0, 0, 0, 1, 24.8029, 0.490707, 1.46124)
VehicleType = 14
P_AutoSpawnEnabled = true
P_DefaultRespawnTime = 10
P_ApplyDamageToAbandonVehicle = false
P_AbandonVehiclesOutOfCombatArea = false

[node name="Car_1" parent="TEAM1_VehicleSpawns" instance=ExtResource("6_mp081")]
transform = Transform3D(-0.0428696, 0, 0.999081, 0, 1, 0, -0.999081, 0, -0.0428696, 3.10489, -3.52719, 38.7228)
VehicleType = 8
P_AutoSpawnEnabled = true
P_DefaultRespawnTime = 10
P_ApplyDamageToAbandonVehicle = false
P_AbandonVehiclesOutOfCombatArea = false

[node name="Car_3" parent="TEAM1_VehicleSpawns" instance=ExtResource("6_mp081")]
transform = Transform3D(-0.00724302, 0, 0.999974, 0, 1, 0, -0.999974, 0, -0.00724302, -13.343, -2.06917, 37.7533)
VehicleType = 10
P_AutoSpawnEnabled = true
P_DefaultRespawnTime = 10
P_ApplyDamageToAbandonVehicle = false
P_AbandonVehiclesOutOfCombatArea = false

[node name="Car_4" parent="TEAM1_VehicleSpawns" instance=ExtResource("6_mp081")]
transform = Transform3D(-0.00724302, 0, 0.999974, 0, 1, 0, -0.999974, 0, -0.00724302, -23.0334, -3.11263, 38.5978)
VehicleType = 10
P_AutoSpawnEnabled = true
P_DefaultRespawnTime = 10
P_ApplyDamageToAbandonVehicle = false
P_AbandonVehiclesOutOfCombatArea = false

[node name="Car_2" parent="TEAM1_VehicleSpawns" instance=ExtResource("6_mp081")]
transform = Transform3D(-0.0428696, 0, 0.999081, 0, 1, 0, -0.999081, 0, -0.0428696, 11.7531, -3.45657, 39.2762)
VehicleType = 8
P_AutoSpawnEnabled = true
P_DefaultRespawnTime = 10
P_ApplyDamageToAbandonVehicle = false
P_AbandonVehiclesOutOfCombatArea = false

[node name="Car_5" parent="TEAM1_VehicleSpawns" instance=ExtResource("6_mp081")]
transform = Transform3D(-0.0973745, 0, -0.995248, 0, 1, 0, 0.995248, 0, -0.0973745, 24.9354, -1.07103, 25.2007)
VehicleType = 9
P_AutoSpawnEnabled = true
P_DefaultRespawnTime = 10
P_ApplyDamageToAbandonVehicle = false
P_AbandonVehiclesOutOfCombatArea = false

[node name="Car_6" parent="TEAM1_VehicleSpawns" instance=ExtResource("6_mp081")]
transform = Transform3D(-0.0973745, 0, -0.995248, 0, 1, 0, 0.995248, 0, -0.0973745, 25.8469, -1.46262, 22.1538)
VehicleType = 9
P_AutoSpawnEnabled = true
P_DefaultRespawnTime = 10
P_ApplyDamageToAbandonVehicle = false
P_AbandonVehiclesOutOfCombatArea = false

[node name="Heli_1" parent="TEAM1_VehicleSpawns" instance=ExtResource("6_mp081")]
transform = Transform3D(1, 0, 0, 0, 1, 0, 0, 0, 1, -16.4527, 2.23392, -24.1806)
VehicleType = 5
P_AutoSpawnEnabled = true
P_DefaultRespawnTime = 10
P_ApplyDamageToAbandonVehicle = false
P_AbandonVehiclesOutOfCombatArea = false

[node name="Heli_2" parent="TEAM1_VehicleSpawns" instance=ExtResource("6_mp081")]
transform = Transform3D(1, 0, 0, 0, 1, 0, 0, 0, 1, -32.2804, 2.23392, -24.1806)
VehicleType = 5
P_AutoSpawnEnabled = true
P_DefaultRespawnTime = 10
P_ApplyDamageToAbandonVehicle = false
P_AbandonVehiclesOutOfCombatArea = false

[node name="Jet_1" parent="TEAM1_VehicleSpawns" instance=ExtResource("6_mp081")]
transform = Transform3D(-0.999992, 0, -0.00396194, 0, 1, 0, 0.00396194, 0, -0.999992, -37.8443, 2.23392, -47.9687)
VehicleType = 11
P_AutoSpawnEnabled = true
P_DefaultRespawnTime = 10
P_ApplyDamageToAbandonVehicle = false
P_AbandonVehiclesOutOfCombatArea = false

[node name="Jet_2" parent="TEAM1_VehicleSpawns" instance=ExtResource("6_mp081")]
transform = Transform3D(-0.999992, 0, -0.00396194, 0, 1, 0, 0.00396194, 0, -0.999992, -25.0493, 2.23392, -48.0194)
VehicleType = 11
P_AutoSpawnEnabled = true
P_DefaultRespawnTime = 10
P_ApplyDamageToAbandonVehicle = false
P_AbandonVehiclesOutOfCombatArea = false

[node name="Jet_3" parent="TEAM1_VehicleSpawns" instance=ExtResource("6_mp081")]
transform = Transform3D(-0.999992, 0, -0.00396194, 0, 1, 0, 0.00396194, 0, -0.999992, -10.4317, 2.23392, -48.0773)
VehicleType = 12
P_AutoSpawnEnabled = true
P_DefaultRespawnTime = 10
P_ApplyDamageToAbandonVehicle = false
P_AbandonVehiclesOutOfCombatArea = false

[node name="Jet_4" parent="TEAM1_VehicleSpawns" instance=ExtResource("6_mp081")]
transform = Transform3D(-0.999992, 0, -0.00396194, 0, 1, 0, 0.00396194, 0, -0.999992, 5.42023, 2.23392, -48.1401)
VehicleType = 12
P_AutoSpawnEnabled = true
P_DefaultRespawnTime = 10
P_ApplyDamageToAbandonVehicle = false
P_AbandonVehiclesOutOfCombatArea = false

[node name="Jet_5" parent="TEAM1_VehicleSpawns" instance=ExtResource("6_mp081")]
transform = Transform3D(-0.999992, 0, -0.00396194, 0, 1, 0, 0.00396194, 0, -0.999992, 19.1299, 2.23392, -48.1945)
VehicleType = 13
P_AutoSpawnEnabled = true
P_DefaultRespawnTime = 10
P_ApplyDamageToAbandonVehicle = false
P_AbandonVehiclesOutOfCombatArea = false

[node name="Jet_7" parent="TEAM1_VehicleSpawns" instance=ExtResource("6_mp081")]
transform = Transform3D(-0.999992, 0, -0.00396194, 0, 1, 0, 0.00396194, 0, -0.999992, 45.2987, 2.23392, -48.2981)
VehicleType = 15
P_AutoSpawnEnabled = true
P_DefaultRespawnTime = 10
P_ApplyDamageToAbandonVehicle = false
P_AbandonVehiclesOutOfCombatArea = false

[node name="Jet_8" parent="TEAM1_VehicleSpawns" instance=ExtResource("6_mp081")]
transform = Transform3D(-0.999992, 0, -0.00396194, 0, 1, 0, 0.00396194, 0, -0.999992, 56.893, 2.23392, -48.344)
VehicleType = 15
P_AutoSpawnEnabled = true
P_DefaultRespawnTime = 10
P_ApplyDamageToAbandonVehicle = false
P_AbandonVehiclesOutOfCombatArea = false

[node name="Jet_6" parent="TEAM1_VehicleSpawns" instance=ExtResource("6_mp081")]
transform = Transform3D(-0.999992, 0, -0.00396194, 0, 1, 0, 0.00396194, 0, -0.999992, 31.2044, 2.23392, -48.2423)
VehicleType = 13
P_AutoSpawnEnabled = true
P_DefaultRespawnTime = 10
P_ApplyDamageToAbandonVehicle = false
P_AbandonVehiclesOutOfCombatArea = false

[node name="Heli_3" parent="TEAM1_VehicleSpawns" instance=ExtResource("6_mp081")]
transform = Transform3D(1, 0, 0, 0, 1, 0, 0, 0, 1, 0.0848846, 2.23392, -24.1806)
VehicleType = 6
P_AutoSpawnEnabled = true
P_DefaultRespawnTime = 10
P_ApplyDamageToAbandonVehicle = false
P_AbandonVehiclesOutOfCombatArea = false

[node name="Heli_4" parent="TEAM1_VehicleSpawns" instance=ExtResource("6_mp081")]
transform = Transform3D(1, 0, 0, 0, 1, 0, 0, 0, 1, 16.7915, 2.23392, -24.1806)
VehicleType = 6
P_AutoSpawnEnabled = true
P_DefaultRespawnTime = 10
P_ApplyDamageToAbandonVehicle = false
P_AbandonVehiclesOutOfCombatArea = false

[node name="Heli_5" parent="TEAM1_VehicleSpawns" instance=ExtResource("6_mp081")]
transform = Transform3D(1, 0, 0, 0, 1, 0, 0, 0, 1, 31.1806, 2.23392, -24.1806)
VehicleType = 7
P_AutoSpawnEnabled = true
P_DefaultRespawnTime = 10
P_ApplyDamageToAbandonVehicle = false
P_AbandonVehiclesOutOfCombatArea = false

[node name="Heli_6" parent="TEAM1_VehicleSpawns" instance=ExtResource("6_mp081")]
transform = Transform3D(1, 0, 0, 0, 1, 0, 0, 0, 1, 47.6264, 2.23392, -24.1806)
VehicleType = 7
P_AutoSpawnEnabled = true
P_DefaultRespawnTime = 10
P_ApplyDamageToAbandonVehicle = false
P_AbandonVehiclesOutOfCombatArea = false

[node name="TEAM_2_HQ" parent="." node_paths=PackedStringArray("HQArea", "InfantrySpawns") instance=ExtResource("5_73ibi")]
transform = Transform3D(1, 0, 0, 0, 1, 0, 0, 0, 1, 259.6, 88.054, -293.947)
Team = 2
AltTeam = 0
VehicleSpawnersEnabled = true
ObjId = 2
HQArea = NodePath("HQ_Team2")
InfantrySpawns = [NodePath("SpawnPoint_1_1"), NodePath("SpawnPoint_1_2"), null, null]

[node name="HQ_Team2" parent="TEAM_2_HQ" instance=ExtResource("2_3sceq")]
transform = Transform3D(1, 0, 0, 0, 1, 0, 0, 0, 1, 0, 5, 0)
points = PackedVector2Array(5, 5, 5, -5, -5, -5, -5, 5)

[node name="SpawnPoint_1_1" parent="TEAM_2_HQ" instance=ExtResource("6_gdwy7")]
transform = Transform3D(0.712553, 0, 0.701619, 0, 1, 0, -0.701619, 0, 0.712553, 2.49306, 0, 0.0627139)

[node name="SpawnPoint_1_8" parent="TEAM_2_HQ" instance=ExtResource("6_gdwy7")]
transform = Transform3D(0.712553, 0, 0.701619, 0, 1, 0, -0.701619, 0, 0.712553, -1.21577, 0, -3.70392)

[node name="SpawnPoint_1_9" parent="TEAM_2_HQ" instance=ExtResource("6_gdwy7")]
transform = Transform3D(0.712553, 0, 0.701619, 0, 1, 0, -0.701619, 0, 0.712553, 2.03784, 0, -3.9707)

[node name="SpawnPoint_1_2" parent="TEAM_2_HQ" instance=ExtResource("6_gdwy7")]
transform = Transform3D(0.539477, 0, 0.842001, 0, 1, 0, -0.842001, 0, 0.539477, 1.68909, 0, 4.83447)

[node name="SpawnPoint_1_3" parent="TEAM_2_HQ" instance=ExtResource("6_gdwy7")]
transform = Transform3D(0.624071, 0, 0.781368, 0, 1, 0, -0.781368, 0, 0.624071, -1.98853, 0, 4.66241)

[node name="SpawnPoint_1_4" parent="TEAM_2_HQ" instance=ExtResource("6_gdwy7")]
transform = Transform3D(0.613624, 0, 0.789598, 0, 1, 0, -0.789598, 0, 0.613624, -6.02664, 0, 4.53134)

[node name="SpawnPoint_1_6" parent="TEAM_2_HQ" instance=ExtResource("6_gdwy7")]
transform = Transform3D(0.729697, 0, 0.68377, 0, 1, 0, -0.68377, 0, 0.729697, -5.23645, 0, -3.54558)

[node name="SpawnPoint_1_7" parent="TEAM_2_HQ" instance=ExtResource("6_gdwy7")]
transform = Transform3D(-0.9995, 0, -0.0316198, 0, 1, 0, 0.0316198, 0, -0.9995, -5.58553, 0, 0.335176)

[node name="SpawnPoint_1_5" parent="TEAM_2_HQ" instance=ExtResource("6_gdwy7")]
transform = Transform3D(0.627202, 0, 0.778856, 0, 1, 0, -0.778856, 0, 0.627202, -1.06859, 0, 0.151886)

[node name="Team2_VehicleSpawns" type="Node3D" parent="."]
transform = Transform3D(1, 0, 0, 0, 1, 0, 0, 0, 1, 242.658, 88.054, -298.023)

[node name="Abrams" parent="Team2_VehicleSpawns" instance=ExtResource("6_mp081")]
transform = Transform3D(0.712773, 0, -0.701395, 0, 1, 0, 0.701395, 0, 0.712773, 16.948, -2.91782, -20.2165)
P_AutoSpawnEnabled = true
P_DefaultRespawnTime = 10
P_ApplyDamageToAbandonVehicle = false
P_AbandonVehiclesOutOfCombatArea = false

[node name="Abrams_2" parent="Team2_VehicleSpawns" instance=ExtResource("6_mp081")]
transform = Transform3D(0.712773, 0, -0.701395, 0, 1, 0, 0.701395, 0, 0.712773, 21.155, -2.91782, -16.0766)
P_AutoSpawnEnabled = true
P_DefaultRespawnTime = 10
P_ApplyDamageToAbandonVehicle = false
P_AbandonVehiclesOutOfCombatArea = false

[node name="Leopard" parent="Team2_VehicleSpawns" instance=ExtResource("6_mp081")]
transform = Transform3D(0.712773, 0, -0.701395, 0, 1, 0, 0.701395, 0, 0.712773, 26.0435, -2.91782, -10.5616)
VehicleType = 1
P_AutoSpawnEnabled = true
P_DefaultRespawnTime = 10
P_ApplyDamageToAbandonVehicle = false
P_AbandonVehiclesOutOfCombatArea = false

[node name="Leopard2" parent="Team2_VehicleSpawns" instance=ExtResource("6_mp081")]
transform = Transform3D(0.712773, 0, -0.701395, 0, 1, 0, 0.701395, 0, 0.712773, 30.1914, -2.91782, -6.47996)
VehicleType = 1
P_AutoSpawnEnabled = true
P_DefaultRespawnTime = 10
P_ApplyDamageToAbandonVehicle = false
P_AbandonVehiclesOutOfCombatArea = false

[node name="AntiAir_1" parent="Team2_VehicleSpawns" instance=ExtResource("6_mp081")]
transform = Transform3D(0.712773, 0, -0.701395, 0, 1, 0, 0.701395, 0, 0.712773, 37.6842, -2.91782, -2.42995)
VehicleType = 4
P_AutoSpawnEnabled = true
P_DefaultRespawnTime = 10
P_ApplyDamageToAbandonVehicle = false
P_AbandonVehiclesOutOfCombatArea = false

[node name="AntiAir_2" parent="Team2_VehicleSpawns" instance=ExtResource("6_mp081")]
transform = Transform3D(0.712773, 0, -0.701395, 0, 1, 0, 0.701395, 0, 0.712773, 42.6284, -2.91782, 2.43531)
VehicleType = 4
P_AutoSpawnEnabled = true
P_DefaultRespawnTime = 10
P_ApplyDamageToAbandonVehicle = false
P_AbandonVehiclesOutOfCombatArea = false

[node name="AntiAir_3" parent="Team2_VehicleSpawns" instance=ExtResource("6_mp081")]
transform = Transform3D(0.712773, 0, -0.701395, 0, 1, 0, 0.701395, 0, 0.712773, 46.7588, -2.91782, 6.49976)
VehicleType = 2
P_AutoSpawnEnabled = true
P_DefaultRespawnTime = 10
P_ApplyDamageToAbandonVehicle = false
P_AbandonVehiclesOutOfCombatArea = false

[node name="AntiAir_4" parent="Team2_VehicleSpawns" instance=ExtResource("6_mp081")]
transform = Transform3D(0.712773, 0, -0.701395, 0, 1, 0, 0.701395, 0, 0.712773, 50.7355, -2.91782, 10.4131)
VehicleType = 2
P_AutoSpawnEnabled = true
P_DefaultRespawnTime = 10
P_ApplyDamageToAbandonVehicle = false
P_AbandonVehiclesOutOfCombatArea = false

[node name="Car_1" parent="Team2_VehicleSpawns" instance=ExtResource("6_mp081")]
transform = Transform3D(0.772645, 0, -0.634838, 0, 1, 0, 0.634838, 0, 0.772645, -19.7113, 2.89087, 4.71082)
VehicleType = 9
P_AutoSpawnEnabled = true
P_DefaultRespawnTime = 10
P_ApplyDamageToAbandonVehicle = false
P_AbandonVehiclesOutOfCombatArea = false

[node name="Car_2" parent="Team2_VehicleSpawns" instance=ExtResource("6_mp081")]
transform = Transform3D(0.772645, 0, -0.634838, 0, 1, 0, 0.634838, 0, 0.772645, -16.6935, 2.89087, 1.0379)
VehicleType = 9
P_AutoSpawnEnabled = true
P_DefaultRespawnTime = 10
P_ApplyDamageToAbandonVehicle = false
P_AbandonVehiclesOutOfCombatArea = false

[node name="Car_3" parent="Team2_VehicleSpawns" instance=ExtResource("6_mp081")]
transform = Transform3D(0.772645, 0, -0.634838, 0, 1, 0, 0.634838, 0, 0.772645, -24.2743, 2.89087, 10.2644)
VehicleType = 8
P_AutoSpawnEnabled = true
P_DefaultRespawnTime = 10
P_ApplyDamageToAbandonVehicle = false
P_AbandonVehiclesOutOfCombatArea = false

[node name="Car_4" parent="Team2_VehicleSpawns" instance=ExtResource("6_mp081")]
transform = Transform3D(0.772645, 0, -0.634838, 0, 1, 0, 0.634838, 0, 0.772645, -28.2649, 2.89087, 15.1213)
VehicleType = 8
P_AutoSpawnEnabled = true
P_DefaultRespawnTime = 10
P_ApplyDamageToAbandonVehicle = false
P_AbandonVehiclesOutOfCombatArea = false

[node name="Car_5" parent="Team2_VehicleSpawns" instance=ExtResource("6_mp081")]
transform = Transform3D(0.772645, 0, -0.634838, 0, 1, 0, 0.634838, 0, 0.772645, 10.4055, -1.12965, -30.1474)
VehicleType = 10
P_AutoSpawnEnabled = true
P_DefaultRespawnTime = 10
P_ApplyDamageToAbandonVehicle = false
P_AbandonVehiclesOutOfCombatArea = false

[node name="Car_6" parent="Team2_VehicleSpawns" instance=ExtResource("6_mp081")]
transform = Transform3D(0.772645, 0, -0.634838, 0, 1, 0, 0.634838, 0, 0.772645, 5.61666, -1.12965, -24.319)
VehicleType = 10
P_AutoSpawnEnabled = true
P_DefaultRespawnTime = 10
P_ApplyDamageToAbandonVehicle = false
P_AbandonVehiclesOutOfCombatArea = false

[node name="IFV_1" parent="Team2_VehicleSpawns" instance=ExtResource("6_mp081")]
transform = Transform3D(-0.795622, 0, 0.605794, 0, 1, 0, -0.605794, 0, -0.795622, 2.5934, 0.890648, 18.0082)
VehicleType = 14
P_AutoSpawnEnabled = true
P_DefaultRespawnTime = 10
P_ApplyDamageToAbandonVehicle = false
P_AbandonVehiclesOutOfCombatArea = false

[node name="IFV_2" parent="Team2_VehicleSpawns" instance=ExtResource("6_mp081")]
transform = Transform3D(-0.795622, 0, 0.605794, 0, 1, 0, -0.605794, 0, -0.795622, 7.84856, 0.890648, 22.0095)
VehicleType = 14
P_AutoSpawnEnabled = true
P_DefaultRespawnTime = 10
P_ApplyDamageToAbandonVehicle = false
P_AbandonVehiclesOutOfCombatArea = false

[node name="IFV_3" parent="Team2_VehicleSpawns" instance=ExtResource("6_mp081")]
transform = Transform3D(-0.795622, 0, 0.605794, 0, 1, 0, -0.605794, 0, -0.795622, 13.0715, 0.890648, 25.9863)
VehicleType = 3
P_AutoSpawnEnabled = true
P_DefaultRespawnTime = 10
P_ApplyDamageToAbandonVehicle = false
P_AbandonVehiclesOutOfCombatArea = false

[node name="IFV_4" parent="Team2_VehicleSpawns" instance=ExtResource("6_mp081")]
transform = Transform3D(-0.795622, 0, 0.605794, 0, 1, 0, -0.605794, 0, -0.795622, 18.4995, 0.890648, 30.1192)
VehicleType = 3
P_AutoSpawnEnabled = true
P_DefaultRespawnTime = 10
P_ApplyDamageToAbandonVehicle = false
P_AbandonVehiclesOutOfCombatArea = false

[node name="Heli_1" parent="Team2_VehicleSpawns" instance=ExtResource("6_mp081")]
transform = Transform3D(-0.748713, 0, 0.662895, 0, 1, 0, -0.662895, 0, -0.748713, 53.2481, -3.97948, -12.312)
VehicleType = 5
P_AutoSpawnEnabled = true
P_DefaultRespawnTime = 10
P_ApplyDamageToAbandonVehicle = false
P_AbandonVehiclesOutOfCombatArea = false

[node name="Heli_2" parent="Team2_VehicleSpawns" instance=ExtResource("6_mp081")]
transform = Transform3D(-0.748713, 0, 0.662895, 0, 1, 0, -0.662895, 0, -0.748713, 59.8946, -3.97948, -4.66555)
VehicleType = 5
P_AutoSpawnEnabled = true
P_DefaultRespawnTime = 10
P_ApplyDamageToAbandonVehicle = false
P_AbandonVehiclesOutOfCombatArea = false

[node name="Heli_3" parent="Team2_VehicleSpawns" instance=ExtResource("6_mp081")]
transform = Transform3D(-0.748713, 0, 0.662895, 0, 1, 0, -0.662895, 0, -0.748713, 69.0233, -3.97948, 3.41682)
VehicleType = 6
P_AutoSpawnEnabled = true
P_DefaultRespawnTime = 10
P_ApplyDamageToAbandonVehicle = false
P_AbandonVehiclesOutOfCombatArea = false

[node name="Heli_4" parent="Team2_VehicleSpawns" instance=ExtResource("6_mp081")]
transform = Transform3D(-0.748713, 0, 0.662895, 0, 1, 0, -0.662895, 0, -0.748713, 77.7566, -3.97948, 11.1491)
VehicleType = 6
P_AutoSpawnEnabled = true
P_DefaultRespawnTime = 10
P_ApplyDamageToAbandonVehicle = false
P_AbandonVehiclesOutOfCombatArea = false

[node name="Heli_5" parent="Team2_VehicleSpawns" instance=ExtResource("6_mp081")]
transform = Transform3D(-0.748713, 0, 0.662895, 0, 1, 0, -0.662895, 0, -0.748713, 86.2648, -3.97948, 18.6821)
VehicleType = 7
P_AutoSpawnEnabled = true
P_DefaultRespawnTime = 10
P_ApplyDamageToAbandonVehicle = false
P_AbandonVehiclesOutOfCombatArea = false

[node name="Heli_6" parent="Team2_VehicleSpawns" instance=ExtResource("6_mp081")]
transform = Transform3D(-0.748713, 0, 0.662895, 0, 1, 0, -0.662895, 0, -0.748713, 96.3375, -3.97948, 27.6002)
VehicleType = 7
P_AutoSpawnEnabled = true
P_DefaultRespawnTime = 10
P_ApplyDamageToAbandonVehicle = false
P_AbandonVehiclesOutOfCombatArea = false

[node name="Jet_1" parent="Team2_VehicleSpawns" instance=ExtResource("6_mp081")]
transform = Transform3D(-0.563612, 0, 0.826039, 0, 1, 0, -0.826039, 0, -0.563612, 64.3812, -2.30578, 103.666)
VehicleType = 11
P_AutoSpawnEnabled = true
P_DefaultRespawnTime = 10
P_ApplyDamageToAbandonVehicle = false
P_AbandonVehiclesOutOfCombatArea = false

[node name="Jet_2" parent="Team2_VehicleSpawns" instance=ExtResource("6_mp081")]
transform = Transform3D(-0.385197, 0, 0.922834, 0, 1, 0, -0.922834, 0, -0.385197, 58.8609, -1.92673, 88.4178)
VehicleType = 11
P_AutoSpawnEnabled = true
P_DefaultRespawnTime = 10
P_ApplyDamageToAbandonVehicle = false
P_AbandonVehiclesOutOfCombatArea = false

[node name="Jet_3" parent="Team2_VehicleSpawns" instance=ExtResource("6_mp081")]
transform = Transform3D(0.736593, 0, 0.676336, 0, 1, 0, -0.676336, 0, 0.736593, 68.5088, -4.14614, 67.6587)
VehicleType = 12
P_AutoSpawnEnabled = true
P_DefaultRespawnTime = 10
P_ApplyDamageToAbandonVehicle = false
P_AbandonVehiclesOutOfCombatArea = false

[node name="Jet_4" parent="Team2_VehicleSpawns" instance=ExtResource("6_mp081")]
transform = Transform3D(0.736593, 0, 0.676336, 0, 1, 0, -0.676336, 0, 0.736593, 78.3855, -4.14614, 58.59)
VehicleType = 12
P_AutoSpawnEnabled = true
P_DefaultRespawnTime = 10
P_ApplyDamageToAbandonVehicle = false
P_AbandonVehiclesOutOfCombatArea = false

[node name="Jet_5" parent="Team2_VehicleSpawns" instance=ExtResource("6_mp081")]
transform = Transform3D(0.736593, 0, 0.676336, 0, 1, 0, -0.676336, 0, 0.736593, 88.9716, -5.34573, 49.96)
VehicleType = 13
P_AutoSpawnEnabled = true
P_DefaultRespawnTime = 10
P_ApplyDamageToAbandonVehicle = false
P_AbandonVehiclesOutOfCombatArea = false

[node name="Jet_6" parent="Team2_VehicleSpawns" instance=ExtResource("6_mp081")]
transform = Transform3D(0.736593, 0, 0.676336, 0, 1, 0, -0.676336, 0, 0.736593, 96.0514, -5.26564, 43.4594)
VehicleType = 13
P_AutoSpawnEnabled = true
P_DefaultRespawnTime = 10
P_ApplyDamageToAbandonVehicle = false
P_AbandonVehiclesOutOfCombatArea = false

[node name="Jet_7" parent="Team2_VehicleSpawns" instance=ExtResource("6_mp081")]
transform = Transform3D(0.736593, 0, 0.676336, 0, 1, 0, -0.676336, 0, 0.736593, 104.43, -5.26564, 35.1288)
VehicleType = 15
P_AutoSpawnEnabled = true
P_DefaultRespawnTime = 10
P_ApplyDamageToAbandonVehicle = false
P_AbandonVehiclesOutOfCombatArea = false

[node name="Jet_8" parent="Team2_VehicleSpawns" instance=ExtResource("6_mp081")]
transform = Transform3D(0.736593, 0, 0.676336, 0, 1, 0, -0.676336, 0, 0.736593, 111.281, -5.26564, 28.8383)
VehicleType = 15
P_AutoSpawnEnabled = true
P_DefaultRespawnTime = 10
P_ApplyDamageToAbandonVehicle = false
P_AbandonVehiclesOutOfCombatArea = false

[node name="MapVersion" parent="." instance=ExtResource("1_68ioi")]
ObjId = 0
metadata/autor = "Florent Poujol"
metadata/Version = "v10"
metadata/Date = "2025-10-13"

[node name="CombatArea" parent="." node_paths=PackedStringArray("CombatVolume") instance=ExtResource("1_aepkq")]
CombatVolume = NodePath("CollisionPolygon3D")

[node name="CollisionPolygon3D" parent="CombatArea" instance=ExtResource("2_3sceq")]
transform = Transform3D(1, 0, 0, 0, 1, 0, 0, 0, 1, 472.271, 140.862, 307.146)
points = PackedVector2Array(1536.65, -1953.4, -1966.8, -2442.5, -2477.4, -645.589, -1760.8, 968.663, 2342.7, 1476.45)
height = 100.0

[node name="Static" type="Node3D" parent="."]

[node name="MP_Tungsten_Terrain" parent="Static" instance=ExtResource("3_kvcmy")]

[node name="MP_Tungsten_Assets" parent="Static" instance=ExtResource("4_idauv")]

[node name="targets" type="Node3D" parent="."]
transform = Transform3D(1, 0, 0, 0, 1, 0, 0, 0, 1, -408.654, 85.8862, -289.258)

[node name="FiringRange_Target_01" parent="targets" instance=ExtResource("7_kvcmy")]
transform = Transform3D(1, 0, 0, 0, 1, 0, 0, 0, 1, -5.63629, 2.04949, -3.72229)

[node name="FiringRange_Target_02" parent="targets" instance=ExtResource("7_kvcmy")]
transform = Transform3D(1, 0, 0, 0, 1, 0, 0, 0, 1, -3.85037, 2.04949, -3.72229)

[node name="FiringRange_Target_03" parent="targets" instance=ExtResource("7_kvcmy")]
transform = Transform3D(1, 0, 0, 0, 1, 0, 0, 0, 1, -7.59903, 2.04949, -3.72229)

[node name="FiringRange_Target_04" parent="targets" instance=ExtResource("7_kvcmy")]
transform = Transform3D(-0.972723, 0, -0.231969, 0, 1, 0, 0.231969, 0, -0.972723, -9.42612, 2.04949, -3.72229)

[node name="VEH_Stationary_GDF011" parent="." instance=ExtResource("9_aepkq")]
transform = Transform3D(-0.383892, 0, -0.923378, 0, 1, 0, 0.923378, 0, -0.383892, 202.655, 96.0288, -345.012)

[node name="VEH_Stationary_GDF012" parent="." instance=ExtResource("9_aepkq")]
transform = Transform3D(-0.44279, 0, 0.896626, 0, 1, 0, -0.896626, 0, -0.44279, -163.296, 91.8572, -314.964)

[node name="TankRange" type="Node3D" parent="."]
transform = Transform3D(1, 0, 0, 0, 1, 0, 0, 0, 1, -80.113, 88.2964, -518.7)

[node name="Start" type="Node3D" parent="TankRange"]

[node name="VehicleSpawner" parent="TankRange/Start" instance=ExtResource("6_mp081")]
transform = Transform3D(-1, 0, 8.74228e-08, 0, 1, 0, -8.74228e-08, 0, -1, -44.262, 6.26248, 45.2796)
P_AutoSpawnEnabled = true
P_DefaultRespawnTime = 10
P_ApplyDamageToAbandonVehicle = false
P_AbandonVehiclesOutOfCombatArea = false

[node name="VehicleSpawner2" parent="TankRange/Start" instance=ExtResource("6_mp081")]
transform = Transform3D(-1, 0, 8.74228e-08, 0, 1, 0, -8.74228e-08, 0, -1, -35.7675, 6.26248, 45.2796)
P_AutoSpawnEnabled = true
P_DefaultRespawnTime = 10
P_ApplyDamageToAbandonVehicle = false
P_AbandonVehiclesOutOfCombatArea = false

[node name="VehicleSpawner3" parent="TankRange/Start" instance=ExtResource("6_mp081")]
transform = Transform3D(-1, 0, 8.74228e-08, 0, 1, 0, -8.74228e-08, 0, -1, -26.7271, 6.26248, 44.6569)
VehicleType = 1
P_AutoSpawnEnabled = true
P_DefaultRespawnTime = 10
P_ApplyDamageToAbandonVehicle = false
P_AbandonVehiclesOutOfCombatArea = false

[node name="VehicleSpawner4" parent="TankRange/Start" instance=ExtResource("6_mp081")]
transform = Transform3D(-1, 0, 8.74228e-08, 0, 1, 0, -8.74228e-08, 0, -1, -18.6038, 6.26248, 44.014)
VehicleType = 1
P_AutoSpawnEnabled = true
P_DefaultRespawnTime = 10
P_ApplyDamageToAbandonVehicle = false
P_AbandonVehiclesOutOfCombatArea = false

[node name="VehicleSpawner5" parent="TankRange/Start" instance=ExtResource("6_mp081")]
transform = Transform3D(-1, 0, 8.74228e-08, 0, 1, 0, -8.74228e-08, 0, -1, -10.5702, 5.17014, 43.3782)
VehicleType = 14
P_AutoSpawnEnabled = true
P_DefaultRespawnTime = 10
P_ApplyDamageToAbandonVehicle = false
P_AbandonVehiclesOutOfCombatArea = false

[node name="VehicleSpawner6" parent="TankRange/Start" instance=ExtResource("6_mp081")]
transform = Transform3D(-1, 0, 8.74228e-08, 0, 1, 0, -8.74228e-08, 0, -1, -2.39692, 5.17014, 42.7314)
VehicleType = 14
P_AutoSpawnEnabled = true
P_DefaultRespawnTime = 10
P_ApplyDamageToAbandonVehicle = false
P_AbandonVehiclesOutOfCombatArea = false

[node name="VehicleSpawner7" parent="TankRange/Start" instance=ExtResource("6_mp081")]
transform = Transform3D(-1, 0, 8.74228e-08, 0, 1, 0, -8.74228e-08, 0, -1, 6.19298, 5.17014, 42.0515)
VehicleType = 3
P_AutoSpawnEnabled = true
P_DefaultRespawnTime = 10
P_ApplyDamageToAbandonVehicle = false
P_AbandonVehiclesOutOfCombatArea = false

[node name="VehicleSpawner8" parent="TankRange/Start" instance=ExtResource("6_mp081")]
transform = Transform3D(-1, 0, 8.74228e-08, 0, 1, 0, -8.74228e-08, 0, -1, 15.6264, 5.17014, 41.305)
VehicleType = 3
P_AutoSpawnEnabled = true
P_DefaultRespawnTime = 10
P_ApplyDamageToAbandonVehicle = false
P_AbandonVehiclesOutOfCombatArea = false

[node name="ConstructionFloorConcrete_01_512x64x512" parent="TankRange/Start" instance=ExtResource("12_iveox")]
transform = Transform3D(-15, -2.26494e-06, -9.90035e-14, 0, -6.55671e-07, 15, -2.26494e-06, 15, 6.55671e-07, 32.0184, 2.27137, 6.41083)

[node name="ConstructionFloorConcrete_01_512x64x513" parent="TankRange/Start" instance=ExtResource("12_iveox")]
transform = Transform3D(-15, -1.67846e-06, -1.52076e-06, -5.68434e-14, -10.0715, 11.1159, -2.26494e-06, 11.1159, 10.0715, 32.0184, -3.48688, 3.25006)

[node name="ConstructionFloorConcrete_01_512x64x514" parent="TankRange/Start" instance=ExtResource("12_iveox")]
transform = Transform3D(-15, -1.67846e-06, -1.52076e-06, -1.1418e-06, -3.09434, 14.6774, -1.95607e-06, 14.6774, 3.09434, 32.018, 0.3, 15.815)

[node name="targets" type="Node3D" parent="TankRange"]

[node name="VehicleSpawner" parent="TankRange/targets" instance=ExtResource("6_mp081")]
transform = Transform3D(1, 0, 0, 0, 1, 0, 0, 0, 1, 24.222, 2.201, -52.635)
P_AutoSpawnEnabled = true
P_DefaultRespawnTime = 10
P_ApplyDamageToAbandonVehicle = false
P_AbandonVehiclesOutOfCombatArea = false

[node name="VehicleSpawner2" parent="TankRange/targets" instance=ExtResource("6_mp081")]
transform = Transform3D(1, 0, 0, 0, 1, 0, 0, 0, 1, 14.844, 2.201, -102.635)
P_AutoSpawnEnabled = true
P_DefaultRespawnTime = 10
P_ApplyDamageToAbandonVehicle = false
P_AbandonVehiclesOutOfCombatArea = false

[node name="VehicleSpawner4" parent="TankRange/targets" instance=ExtResource("6_mp081")]
transform = Transform3D(1, 0, 0, 0, 1, 0, 0, 0, 1, 4.844, 2.201, -102.635)
P_AutoSpawnEnabled = true
P_DefaultRespawnTime = 10
P_ApplyDamageToAbandonVehicle = false
P_AbandonVehiclesOutOfCombatArea = false

[node name="VehicleSpawner3" parent="TankRange/targets" instance=ExtResource("6_mp081")]
transform = Transform3D(1, 0, 0, 0, 1, 0, 0, 0, 1, -6, 2.201, -152.635)
P_AutoSpawnEnabled = true
P_DefaultRespawnTime = 10
P_ApplyDamageToAbandonVehicle = false
P_AbandonVehiclesOutOfCombatArea = false

[node name="VehicleSpawner5" parent="TankRange/targets" instance=ExtResource("6_mp081")]
transform = Transform3D(1, 0, 0, 0, 1, 0, 0, 0, 1, -18.8614, 2.201, -152.635)
P_AutoSpawnEnabled = true
P_DefaultRespawnTime = 10
P_ApplyDamageToAbandonVehicle = false
P_AbandonVehiclesOutOfCombatArea = false

[node name="VehicleSpawner6" parent="TankRange/targets" instance=ExtResource("6_mp081")]
transform = Transform3D(1, 0, 0, 0, 1, 0, 0, 0, 1, -26, -1.65997, -202.635)
P_AutoSpawnEnabled = true
P_DefaultRespawnTime = 10
P_ApplyDamageToAbandonVehicle = false
P_AbandonVehiclesOutOfCombatArea = false

[node name="VehicleSpawner7" parent="TankRange/targets" instance=ExtResource("6_mp081")]
transform = Transform3D(1, 0, 0, 0, 1, 0, 0, 0, 1, -38.8115, -1.66, -202.635)
P_AutoSpawnEnabled = true
P_DefaultRespawnTime = 10
P_ApplyDamageToAbandonVehicle = false
P_AbandonVehiclesOutOfCombatArea = false

[node name="50" parent="TankRange/targets" instance=ExtResource("14_l5x52")]
transform = Transform3D(1, 0, 0, 0, 1, 0, 0, 0, 1, 26.8969, -0.118835, -53.2126)

[node name="FiringRange_NumberZero_01" parent="TankRange/targets/50" instance=ExtResource("15_36omx")]
transform = Transform3D(1, 0, 0, 0, 1, 0, 0, 0, 1, 0.671673, 0, 0)

[node name="MissileContainer_01_B4" parent="TankRange/targets/50" instance=ExtResource("17_68ioi")]
transform = Transform3D(2, 0, 0, 0, -8.74228e-08, -2, 0, 2, -8.74228e-08, -0.627117, 1.02601, -2.57343)

[node name="101" type="Node3D" parent="TankRange/targets"]
transform = Transform3D(1, 0, 0, 0, 1, 0, 0, 0, 1, 9.44187, -1.11636, -99.7065)

[node name="FiringRange_NumberOne_01" parent="TankRange/targets/101" instance=ExtResource("16_pyesy")]

[node name="FiringRange_NumberZero_02" parent="TankRange/targets/101" instance=ExtResource("15_36omx")]
transform = Transform3D(1, 0, 0, 0, 1, 0, 0, 0, 1, 0.6, 0, 0)

[node name="FiringRange_NumberZero_01" parent="TankRange/targets/101" instance=ExtResource("15_36omx")]
transform = Transform3D(1, 0, 0, 0, 1, 0, 0, 0, 1, 1.2, 0, 0)

[node name="MissileContainer_01_B3" parent="TankRange/targets/101" instance=ExtResource("17_68ioi")]
transform = Transform3D(3, 0, 0, 0, -1.31134e-07, -3, 0, 3, -1.31134e-07, -0.665276, 0.92852, -4.05334)

[node name="150" type="Node3D" parent="TankRange/targets"]
transform = Transform3D(1, 0, 0, 0, 1, 0, 0, 0, 1, -12.4676, -0.695343, -152.6)

[node name="FiringRange_NumberOne_01" parent="TankRange/targets/150" instance=ExtResource("16_pyesy")]
transform = Transform3D(2, 0, 0, 0, 2, 0, 0, 0, 2, -0.307625, 0, 0)

[node name="FiringRange_NumberFive_01" parent="TankRange/targets/150" instance=ExtResource("14_l5x52")]
transform = Transform3D(2, 0, 0, 0, 2, 0, 0, 0, 2, 0.904922, 0, 0)

[node name="FiringRange_NumberZero_01" parent="TankRange/targets/150" instance=ExtResource("15_36omx")]
transform = Transform3D(2, 0, 0, 0, 2, 0, 0, 0, 2, 2.07534, 0, 0)

[node name="MissileContainer_01_B2" parent="TankRange/targets/150" instance=ExtResource("17_68ioi")]
transform = Transform3D(4, 0, 0, 0, -1.74846e-07, -4, 0, 4, -1.74846e-07, -1, 1.8, -5.2146)

[node name="200" type="Node3D" parent="TankRange/targets"]
transform = Transform3D(1, 0, 0, 0, 1, 0, 0, 0, 1, -34.1939, -1.95427, -202.6)

[node name="FiringRange_NumberTwo_01" parent="TankRange/targets/200" instance=ExtResource("17_vgi5t")]
transform = Transform3D(2, 0, 0, 0, 2, 0, 0, 0, 2, 0.365074, 0, 0)

[node name="FiringRange_NumberZero_02" parent="TankRange/targets/200" instance=ExtResource("15_36omx")]
transform = Transform3D(2, 0, 0, 0, 2, 0, 0, 0, 2, 1.46507, 0, 0)

[node name="FiringRange_NumberZero_01" parent="TankRange/targets/200" instance=ExtResource("15_36omx")]
transform = Transform3D(2, 0, 0, 0, 2, 0, 0, 0, 2, 2.56507, 0, 0)

[node name="ConstructionFloorConcrete_01_512x64x512" parent="TankRange/targets/200" instance=ExtResource("12_iveox")]
transform = Transform3D(5, 0, 0, 0, 5, 0, 0, 0, 5, -10.9474, -3.24518, 7.19788)

[node name="MissileContainer_01_B" parent="TankRange/targets/200" instance=ExtResource("17_68ioi")]
transform = Transform3D(4, 0, 0, 0, -1.74846e-07, -4, 0, 4, -1.74846e-07, -0.433197, 1.84404, -5.18207)

[node name="VEH_Stationary_BGM71TOW" parent="TankRange" instance=ExtResource("18_4jn7r")]
transform = Transform3D(-1, 0, -8.74228e-08, 0, 1, 0, 8.74228e-08, 0, -1, -37.7723, 2.31194, -2.12561)

[node name="VEH_Stationary_BGM71TOW2" parent="TankRange" instance=ExtResource("18_4jn7r")]
transform = Transform3D(-1, 0, 8.74228e-08, 0, 1, 0, -8.74228e-08, 0, -1, -19.666, 2.29839, -2.12665)

[editable path="Static/MP_Tungsten_Terrain"]
[editable path="Static/MP_Tungsten_Terrain/Mesh"]
